1075 239.43 146.00 -31.8
1076 -2.00 -2.00 -31.8
1077 237.44 147.56 -31.8
1078 237.13 148.96 -31.8
1079 237.11 150.11 -31.8
1080 237.83 149.67 -31.8
1081 237.80 150.60 -31.8
1082 238.86 149.71 -31.8
1083 240.00 149.50 -31.8
1084 240.67 149.56 -31.8
1085 242.00 149.20 -31.8
1086 243.11 148.89 -31.8
1087 244.83 151.50 -31.8
1088 244.17 152.17 -31.8
1089 244.62 151.69 -31.8
1090 244.73 149.64 -31.8
1091 243.00 148.25 -31.8
1092 244.91 150.00 -31.8
1093 245.23 150.15 -31.8
1094 246.00 150.91 -31.8
1095 246.73 150.18 -31.8
1096 246.33 150.67 -31.8
1097 246.14 150.00 -31.8
1098 245.83 151.33 -31.8
1099 245.83 151.67 -31.8
1100 247.71 152.29 -31.8
1075 239.43 146.00 -31.8
1076 -2.00 -2.00 -31.8
1077 237.44 147.56 -31.8
1078 237.13 148.96 -31.8
1079 237.11 150.11 -31.8
1080 237.83 149.67 -31.8
1081 237.80 150.60 -31.8
1082 238.86 149.71 -31.8
1083 240.00 149.50 -31.8
1084 240.67 149.56 -31.8
1085 242.00 149.20 -31.8
1086 243.11 148.89 -31.8
1087 244.83 151.50 -31.8
1088 244.17 152.17 -31.8
1089 244.62 151.69 -31.8
1090 244.73 149.64 -31.8
1091 243.00 148.25 -31.8
1092 244.91 150.00 -31.8
1093 245.23 150.15 -31.8
1094 246.00 150.91 -31.8
1095 246.73 150.18 -31.8
1096 246.33 150.67 -31.8
1097 246.14 150.00 -31.8
1098 245.83 151.33 -31.8
1099 245.83 151.67 -31.8
1100 247.71 152.29 -31.8
